8.899641224696953554e-03	9.781351536261411093e+04
1.507912216506557788e-02	8.961895401996369765e+04
2.144790186456836667e-02	8.345210535891396285e+04
2.783660776489276650e-02	4.199109901755448664e+04
3.435099785803411021e-02	2.424093641111513352e+04
4.047886761425745911e-02	1.953955153055219125e+04
4.676716683575679601e-02	1.322790823889973763e+04
5.308225101765951665e-02	1.320150941672725821e+04
5.945362440940590160e-02	1.359856322060911043e+04
6.576224814588792211e-02	1.277753552376983680e+04
7.196632906698736953e-02	1.016341697241092515e+04
7.827860915688347743e-02	8.520862790809173021e+03
8.470398945834539672e-02	6.486671823128629512e+03
9.096854620527369817e-02	4.920853474006213219e+03
9.720789776830213169e-02	4.589676209408964496e+03
1.034763038959366499e-01	4.270324361439566928e+03
1.097576444254559219e-01	4.110158162574611197e+03
1.160543084780093354e-01	4.343803735614401376e+03
1.223669666537485351e-01	3.830693804192672360e+03
1.286817263090294094e-01	3.531037250611468608e+03
1.349500801664080818e-01	3.013497160065981006e+03
1.411949558842147678e-01	2.750866484682498594e+03
1.475133575747468451e-01	2.437874124207612113e+03
1.537865074252268427e-01	2.337186287981754049e+03
1.600657544051110326e-01	2.246172081844741115e+03
1.663991168687080635e-01	2.154548600665243157e+03
1.727195645776442856e-01	2.069114622991999113e+03
1.789765213377084718e-01	1.930516682841229567e+03
1.852353690647852158e-01	1.819879473211149389e+03
1.914806787341157279e-01	1.720757223102520356e+03
1.977889868651535599e-01	1.595548386186032531e+03
2.040937735447724277e-01	1.518684529671393420e+03
2.103939302609846018e-01	1.459104597451050040e+03
2.166909709822301688e-01	1.352277344749197482e+03
2.229700281216152047e-01	1.317581893752950464e+03
2.292620027086341994e-01	1.276364977133851198e+03
2.355141508366812297e-01	1.223345643750170893e+03
2.417910583817859116e-01	1.195803570530954175e+03
2.480856539439619257e-01	1.136302498543320780e+03
2.543492256872954549e-01	1.071770498017763657e+03
2.606334251884805386e-01	1.042914332105224730e+03
2.669257370896960802e-01	9.973377056338341617e+02
2.732423343141155980e-01	9.656233524575410456e+02
2.795529680084415936e-01	9.412649706649626751e+02
2.858366292314493129e-01	9.024818251046710884e+02
2.920876271394311496e-01	8.849260693769986119e+02
2.983449844439822751e-01	8.567608680651632085e+02
3.046382639407197446e-01	8.301777259736395536e+02
3.109279127003197196e-01	7.949745068040654132e+02
3.172168171618398036e-01	7.817691919253051083e+02
3.235187567944423082e-01	7.552956010197219712e+02
3.298168217550395687e-01	7.295657403871289262e+02
3.361176429457156667e-01	7.119398378091481163e+02
3.423700375709273769e-01	6.981843125801665337e+02
3.486478192666269682e-01	6.814938317576742293e+02
3.549411614411318028e-01	6.591750401418497631e+02
3.611916935421040642e-01	6.462165174453921281e+02
3.674767089563572564e-01	6.341252188363555433e+02
3.737647795277591056e-01	6.165094715180290450e+02
3.800654031475132477e-01	6.012556179946333259e+02
3.863539861259823738e-01	5.872406172054330682e+02
3.926140181364449755e-01	5.761509896322127133e+02
3.989264500321934581e-01	5.653883299291175035e+02
4.052073244576828714e-01	5.567849800433010614e+02
4.114916477570477182e-01	5.428008268482763015e+02
4.177814272116491257e-01	5.343549922010089404e+02
4.240400648725131116e-01	5.258525421205283692e+02
4.303425690270192283e-01	5.113414392829586177e+02
4.366358560255625965e-01	5.017789925147482109e+02
4.428996183220763605e-01	4.915310313036238199e+02
4.491634418529859563e-01	4.800949732015561153e+02
4.554414146254732731e-01	4.774247751439223748e+02
4.617634470301058558e-01	4.709907419868304714e+02
4.680644242023710433e-01	4.592156955381303192e+02
4.743485242764365895e-01	4.504409827255493610e+02
4.806356136815400082e-01	4.471521439885041218e+02
4.869019258388697646e-01	4.416638303556550227e+02
4.931697099599955947e-01	4.332902431276164066e+02
4.994506747144535908e-01	4.214879589826795723e+02
5.057159051335421429e-01	4.187643522827976881e+02
5.119923996268095356e-01	4.133334203199690933e+02
5.183126097768406826e-01	4.005733239339106717e+02
5.246089638029100000e-01	3.954124379962911462e+02
5.308757308483337267e-01	3.904132337102511201e+02
5.371573527946726934e-01	3.856344769495419200e+02
5.434579563783791256e-01	3.837230031788828342e+02
5.497430652392217842e-01	3.782278221115138876e+02
5.559937427501778773e-01	3.754561433356717544e+02
5.622854676609657654e-01	3.683674559478075139e+02
5.686011537227265711e-01	3.620178726871235995e+02
5.748804589422079614e-01	3.585535399346588861e+02
5.811550210340560296e-01	3.555427166171187991e+02
5.874394496660968468e-01	3.474874657482174030e+02
5.937176220296899176e-01	3.412515681448150531e+02
5.999971954793682505e-01	3.392088567222814959e+02
6.062679115124277596e-01	3.360797228934925442e+02
6.125469576444534381e-01	3.320214451055466611e+02
6.188477733041515272e-01	3.284403266645177268e+02
6.251310567437898813e-01	3.227811386735422730e+02
6.314027450383210560e-01	3.208310858374770191e+02
6.377003562732055375e-01	3.165040215385423039e+02
6.439857783314556494e-01	3.130380585883977460e+02
6.502685417166111925e-01	3.072027153339794836e+02
6.565586117699038216e-01	3.052780806456954110e+02
6.628369282359254377e-01	3.012731316175987217e+02
6.691185444962194362e-01	2.986820295150957918e+02
6.754070198575605755e-01	2.954108820575722802e+02
6.816835514593204692e-01	2.932095301119241526e+02
6.879592533861698112e-01	2.890388760583797421e+02
6.942344317039531587e-01	2.879166082334225507e+02
7.005175402434737908e-01	2.838997984430480983e+02
7.068124956608716758e-01	2.807579980055729152e+02
7.131019009674921527e-01	2.778342123536487520e+02
7.193918251171427247e-01	2.757133367823751087e+02
7.256833807598113140e-01	2.736317123596716669e+02
7.319652682709349989e-01	2.687756934134347944e+02
7.382507990484923344e-01	2.678952929606086855e+02
7.445265842115937893e-01	2.642372267785307827e+02
7.507871101942712455e-01	2.640124987987707641e+02
7.570758465316046459e-01	2.586604005570230811e+02
7.633641233600957365e-01	2.568947869356244382e+02
7.696462959862266917e-01	2.556016474214131620e+02
7.759394865175414102e-01	2.521082679302580232e+02
7.822329141989586843e-01	2.495455093250852769e+02
7.885314936520240181e-01	2.478404134464325637e+02
7.947896566979522071e-01	2.454559608321449389e+02
8.010491096592354809e-01	2.441599152888037167e+02
8.073364061727361651e-01	2.405900024150955971e+02
8.136229488373866170e-01	2.394919839531022490e+02
8.199152998961036776e-01	2.372197337178872090e+02
8.261952636392789762e-01	2.353335635256861167e+02
8.324897070080405914e-01	2.332469610058069236e+02
8.387959309210778480e-01	2.311645286884021857e+02
8.450634639703045181e-01	2.295691944708291885e+02
8.513282867562648182e-01	2.280948851075561947e+02
8.576198263902009566e-01	2.275023378876199729e+02
8.639058477062415697e-01	2.232798254663335058e+02
8.701838745487597837e-01	2.214165905208861034e+02
8.764641096075268534e-01	2.214137707065999905e+02
8.827503873399735745e-01	2.177887661274324387e+02
8.890332768393869323e-01	2.161753178824994848e+02
8.953084247113127780e-01	2.134973590188684796e+02
9.015956521667095602e-01	2.139312518144709827e+02
9.078833328094829680e-01	2.117639991029560349e+02
9.141744106319863450e-01	2.100070626834697123e+02
9.204630817717615043e-01	2.085970102166476465e+02
9.267434415264711456e-01	2.074660753251926053e+02
9.330324197354928906e-01	2.049752693722933543e+02
9.393265785573878812e-01	2.047786573332394084e+02
9.455974810398196650e-01	2.021440900863738079e+02
9.518660018545171964e-01	2.003110144789412743e+02
9.581413255531838757e-01	1.990896634989440486e+02
9.644350945109106954e-01	1.976643400714815186e+02
9.707355633568249820e-01	1.972052125652004975e+02
9.770080768450029041e-01	1.960149773017886901e+02
9.832823325363413414e-01	1.939819442214534035e+02
9.895569691966674686e-01	1.929163804788268806e+02
9.958456301921106979e-01	1.905471688065244393e+02
1.002136210743837408e+00	1.893784773492100726e+02
1.008404825335135424e+00	1.888405904132812907e+02
1.014694149836243398e+00	1.871723989063330862e+02
1.020992555437297167e+00	1.858695917836771514e+02
1.027273980437394485e+00	1.838605442175624205e+02
1.033559181896017254e+00	1.831630619581402186e+02
1.039847557392594934e+00	1.821267951615902803e+02
1.046126974943305088e+00	1.807750740725014680e+02
1.052403436811028659e+00	1.800753898984298473e+02
1.058680704651608684e+00	1.786293894562952573e+02
1.064964333065789193e+00	1.762512040525490988e+02
1.071256777440835473e+00	1.761364491933262286e+02
1.077544048801078125e+00	1.748001145561962346e+02
1.083824820188043603e+00	1.742442365510986235e+02
1.090108023942816695e+00	1.723052139456889051e+02
1.096389665956643222e+00	1.714661563573139347e+02
1.102681132058841440e+00	1.703027391409260645e+02
1.108963047594879958e+00	1.696217494925293181e+02
1.115225428463759272e+00	1.682456297042210451e+02
1.121502127614767863e+00	1.665234336644888344e+02
1.127792573824792033e+00	1.658789291007281008e+02
1.134089552668382961e+00	1.657542498023571795e+02
1.140364049650405942e+00	1.635653768203584093e+02
1.146639180320979445e+00	1.623388895484823138e+02
1.152942412991649901e+00	1.617791323036635447e+02
1.159228906751078814e+00	1.605081731898674775e+02
1.165508721887268173e+00	1.593210953277973374e+02
1.171793076256210320e+00	1.589521310216816516e+02
1.178087436369658958e+00	1.582460062207249507e+02
1.184367654251526902e+00	1.569902664776742540e+02
1.190634642299266632e+00	1.561554048136428037e+02
1.196912208834400859e+00	1.547617989096839892e+02
1.203201577354146234e+00	1.547167353810761483e+02
1.209486844441705733e+00	1.532286482380653467e+02
1.215763902074809888e+00	1.521324500772072668e+02
1.222049755171146668e+00	1.520730963819970327e+02
1.228340616621486969e+00	1.510891763781348800e+02
1.234632986576932767e+00	1.498020704358004309e+02
1.240902247176856488e+00	1.487446988439751294e+02
1.247174839144687519e+00	1.477240367924247835e+02
1.253465459933442272e+00	1.473142718163896632e+02
1.259749951892178421e+00	1.464657973541599745e+02
1.266032143127253873e+00	1.453609827413148423e+02
1.272316288472006507e+00	1.438986111867528450e+02
1.278604155058621350e+00	1.439151914044121270e+02
1.284886588933593865e+00	1.430627865307638160e+02
1.291175420066583257e+00	1.417766264670743226e+02
1.297465726373772332e+00	1.419799963710186148e+02
1.303741827011944299e+00	1.402387690538022014e+02
1.310017322922761851e+00	1.398764480150917962e+02
1.316301447662886703e+00	1.385286701397550928e+02
1.322586760363303249e+00	1.378990184100805152e+02
1.328865492452874664e+00	1.370136186821738136e+02
1.335144804954555564e+00	1.363698810466083273e+02
1.341440516272275119e+00	1.360765383999525682e+02
1.347730868417094552e+00	1.351922960333183710e+02
1.354001589994877630e+00	1.346748481940884119e+02
1.360282609297778444e+00	1.335843647519851061e+02
1.366565686457597906e+00	1.327284194890908111e+02
1.372851498482432708e+00	1.325882704902453213e+02
1.379135372929401804e+00	1.314523606909440900e+02
1.385409567149057164e+00	1.307044699936939196e+02
1.391698641219299315e+00	1.297218562320069282e+02
1.397984451439470810e+00	1.290679750690428875e+02
1.404267883409181961e+00	1.286120538447356694e+02
1.410554779484869181e+00	1.278610399525135222e+02
1.416837833547465397e+00	1.269706737699998058e+02
1.423118177187137068e+00	1.263486259368638684e+02
1.429397801164240089e+00	1.257897311501971984e+02
1.435686921822787232e+00	1.253482611862853418e+02
1.441977121769299597e+00	1.244489600192354004e+02
1.448253667853332427e+00	1.237785470184070391e+02
1.454532348972172651e+00	1.232161363757722938e+02
1.460819319151879903e+00	1.224369058016534950e+02
1.467110364402026468e+00	1.216912039470583693e+02
1.473392908948962132e+00	1.211415572836493908e+02
1.479669965243598950e+00	1.204841124060836535e+02
1.485956144602843532e+00	1.198115096388400644e+02
1.492233610763115115e+00	1.190462281972606746e+02
1.498502470379980078e+00	1.189499287254558055e+02
1.504785752051182701e+00	1.178783947402531851e+02
1.511075991894575976e+00	1.179295074920271134e+02
1.517361634985162189e+00	1.170742081640466097e+02
1.523648570969130533e+00	1.162002333014195585e+02
1.529938035715892264e+00	1.159797814789771877e+02
1.536230176913891965e+00	1.147064809711700377e+02
1.542510718779388279e+00	1.145593083687630269e+02
1.548783963082980275e+00	1.138065308047333133e+02
1.555073069779651318e+00	1.134080072944183826e+02
1.561357324927233892e+00	1.126873775262087207e+02
1.567629121053141006e+00	1.120732349041458207e+02
1.573913697404382583e+00	1.117002922861401260e+02
1.580203545230874029e+00	1.109470412232845291e+02
1.586485393434537983e+00	1.107538843991701611e+02
1.592760014263005841e+00	1.100452724114337855e+02
1.599046436394670812e+00	1.092605263915602336e+02
1.605342136637478934e+00	1.089773441319791942e+02
1.611619860919608627e+00	1.082194339082724213e+02
1.617897597081673799e+00	1.078802732427549813e+02
1.624183235481122756e+00	1.069883932178102555e+02
1.630464598531913722e+00	1.068042579289631391e+02
1.636748985747638274e+00	1.060014701738364522e+02
1.643030923698886259e+00	1.056625268401154756e+02
1.649309176648513064e+00	1.052073735078188719e+02
1.655593633940351861e+00	1.047063473368222475e+02
1.661879571405086464e+00	1.040886583643834058e+02
1.668169361685170271e+00	1.034180068617490491e+02
1.674450151530487485e+00	1.030969964759113111e+02
1.680722718978495900e+00	1.027668498878906860e+02
1.687013891340952476e+00	1.022018083577125651e+02
1.693308984907921033e+00	1.015584086581329188e+02
1.699582147428448486e+00	1.011913491443034872e+02
1.705863747055134105e+00	1.010547371931922811e+02
1.712154434283889470e+00	1.003204078523986453e+02
1.718438381579399321e+00	9.992463216781776225e+01
1.724721264464063930e+00	9.952721996008840222e+01
1.730997441276920679e+00	9.886683057731552537e+01
1.737287073528269499e+00	9.840677205028637786e+01
1.743567991878527401e+00	9.804693385690517005e+01
1.749840680212231048e+00	9.744434498856001881e+01
1.756128549091961144e+00	9.684098604251595077e+01
1.762413535324792502e+00	9.660481244836988424e+01
1.768696187669963837e+00	9.597694468579966554e+01
1.774979359379055266e+00	9.568546927028727112e+01
1.781265555576432957e+00	9.513749190830252189e+01
1.787549427830244619e+00	9.490019409484841617e+01
1.793834120011633004e+00	9.434812858310235129e+01
1.800115051552487300e+00	9.390772796161567726e+01
1.806393904854530330e+00	9.331115071460622801e+01
1.812674089667083432e+00	9.324169084204416436e+01
1.818956920109354058e+00	9.278748167048181017e+01
1.825244164118212220e+00	9.216865344018926010e+01
1.831527256642196955e+00	9.187825053823964083e+01
1.837811294935716599e+00	9.142777531853450057e+01
1.844100717411196744e+00	9.085408505481250074e+01
1.850384816792487230e+00	9.060308536211563535e+01
1.856666059735203822e+00	8.993501259666209080e+01
1.862947728675613979e+00	8.963670057286202564e+01
1.869229324466858078e+00	8.917802718850789745e+01
1.875517616802973686e+00	8.879181658291670942e+01
1.881800769033795229e+00	8.817032180149109877e+01
1.888078863416442710e+00	8.808128062098110433e+01
1.894353975182237582e+00	8.759804157798025415e+01
1.900642716154182565e+00	8.693879374385429060e+01
1.906933494748685121e+00	8.682788869273517207e+01
1.913207568676573933e+00	8.646493298233936287e+01
1.919490884732178992e+00	8.612184419608971098e+01
1.925776855684274480e+00	8.561541249608681881e+01
1.932064452961978152e+00	8.520779682969462954e+01
1.938342610030488800e+00	8.498760068475087337e+01
1.944618341543410178e+00	8.447043240626149441e+01
1.950906260203513876e+00	8.429260961150599485e+01
1.957194556613796488e+00	8.376557786981335596e+01
1.963479614559011432e+00	8.343090844860407174e+01
1.969760361532916226e+00	8.301958759670795018e+01
1.976048367034604736e+00	8.263901690721330340e+01
1.982337990217652335e+00	8.233232396978041834e+01
1.988617489259562721e+00	8.186515958993028619e+01
1.994896320665194178e+00	8.170595644385947764e+01
2.001179596222827151e+00	8.141088825738948742e+01
2.007459756923499761e+00	8.099322797149143582e+01
2.013737397779169935e+00	8.074651394277179861e+01
2.020017234677497164e+00	8.030409680091287328e+01
2.026310251015072783e+00	7.997454907944440095e+01
2.032600542948020284e+00	7.945217721810024614e+01
2.038873863192099289e+00	7.903418526510628794e+01
2.045154087821675404e+00	7.888153385004135032e+01
2.051444704514288730e+00	7.875807545354946626e+01
2.057730430280644729e+00	7.842412175603877245e+01
2.064013940455224461e+00	7.803529751373119439e+01
2.070299891179459895e+00	7.751195594079976559e+01
2.076589719964883951e+00	7.725944145390378992e+01
2.082865483794470673e+00	7.698093018040829350e+01
2.089134494859368640e+00	7.669547800344935240e+01
2.095424211360070288e+00	7.630000444739563648e+01
2.101707116664804254e+00	7.612927022172317493e+01
2.107986473933564309e+00	7.578804234761001624e+01
2.114271806543862375e+00	7.537599206410577324e+01
2.120552717288892275e+00	7.512828371285942808e+01
2.126836933207161717e+00	7.474553067481754454e+01
2.133122044791171845e+00	7.453281532883472948e+01
2.139411711910842673e+00	7.434045981131257008e+01
2.145697076775292089e+00	7.405902129258286948e+01
2.151973548606471276e+00	7.355065923334825584e+01
2.158259913555724108e+00	7.329605511706034804e+01
2.164545396699105506e+00	7.310623098527729269e+01
2.170830700377734068e+00	7.274925561916114702e+01
2.177114138849150393e+00	7.249826340731873131e+01
2.183387647576827018e+00	7.217389759465554278e+01
2.189670273687676971e+00	7.192057379577759946e+01
2.195960147934207463e+00	7.156079003218576418e+01
2.202242556317716371e+00	7.133887173573323537e+01
2.208521655981037668e+00	7.099602559688156589e+01
2.214804637081333016e+00	7.077246750104114881e+01
2.221092583349425276e+00	7.040371673840849098e+01
2.227372893591468728e+00	7.018805361907956808e+01
2.233657161144248171e+00	6.985710716568463852e+01
2.239943485394438660e+00	6.975210738358632057e+01
2.246224175264620815e+00	6.933522158264740654e+01
2.252506378421252009e+00	6.910663395440221279e+01
2.258783417054270437e+00	6.885100836712157957e+01
2.265069077371457684e+00	6.844478887958658220e+01
2.271350377044131452e+00	6.831649688731680214e+01
2.277633995145353918e+00	6.813634580897159765e+01
2.283922419579920149e+00	6.784053525200258150e+01
2.290202874392252674e+00	6.764478965674953770e+01
2.296490779970905560e+00	6.729508807186608976e+01
2.302771769934229162e+00	6.695127553578151947e+01
2.309051364164305564e+00	6.659226788380571804e+01
2.315338502539088239e+00	6.641703366192561475e+01
2.321627336503874428e+00	6.636250674574780817e+01
2.327911878297218795e+00	6.600894593929952237e+01
2.334186238580297168e+00	6.577539069497301227e+01
2.340467971862688401e+00	6.542217099624944865e+01
2.346756940970738725e+00	6.522669334453227918e+01
2.353044444556199988e+00	6.509901469777327065e+01
2.359327653314069906e+00	6.481987022736298343e+01
2.365603048789861607e+00	6.449365097574774097e+01
2.371885911737665165e+00	6.437187087899664562e+01
2.378173303594019572e+00	6.407825074897031925e+01
2.384454016539381271e+00	6.381956936088909060e+01
2.390736447344785187e+00	6.371683181085690961e+01
2.397014133897952259e+00	6.334153718709833925e+01
2.403295490074321972e+00	6.318269019170637790e+01
2.409585049672506862e+00	6.299099585730917283e+01
2.415871703165322071e+00	6.273889176362414588e+01
2.422160652369088840e+00	6.246113323588950550e+01
2.428440167222748691e+00	6.221774473365164937e+01
2.434717472383889803e+00	6.203803348366382409e+01
2.441002456202044257e+00	6.191022861738341021e+01
2.447289980304530488e+00	6.160153841802345198e+01
2.453571844729242279e+00	6.144683409025632415e+01
2.459852705114058846e+00	6.111844754947252056e+01
2.466139233225018934e+00	6.097954633486447307e+01
2.472421963421291391e+00	6.069316679952427762e+01
2.478698519174224568e+00	6.058024673366962531e+01
2.484980841400355800e+00	6.029212946507773552e+01
2.491269319409339822e+00	6.014039141943729305e+01
2.497548505139029373e+00	5.994942066289139149e+01
2.503831667172610853e+00	5.974619965927400500e+01
2.510117938323931153e+00	5.965707931831065025e+01
2.516400733681277480e+00	5.941189344217358581e+01
2.522688226833368130e+00	5.911269220903145083e+01
2.528971695852665569e+00	5.909441100227944332e+01
2.535252039407670299e+00	5.891617055310506856e+01
2.541537514142774512e+00	5.874361575018667736e+01
2.547823008847572179e+00	5.855956590357094171e+01
2.554100666580690238e+00	5.836478038358463039e+01
2.560376788884177301e+00	5.813723820427455280e+01
2.566667521601497359e+00	5.792785993942752043e+01
2.572955062237090473e+00	5.770575091654034594e+01
2.579233771797999175e+00	5.759900256476631597e+01
2.585520164300948220e+00	5.747120489409040545e+01
2.591805130332431872e+00	5.728534027577636323e+01
2.598084074692260881e+00	5.714534513127792792e+01
2.604360404197643586e+00	5.688728359557716630e+01
2.610647185140439142e+00	5.668791887609118874e+01
2.616931864059273138e+00	5.658849172212665479e+01
2.623206107911065565e+00	5.647922216818020047e+01
2.629491626543270844e+00	5.621741007858391015e+01
2.635778507982642349e+00	5.606068514322093677e+01
2.642061039325260818e+00	5.605867515900800413e+01
2.648343840729305843e+00	5.580108554823699052e+01
2.654631838974855551e+00	5.569944409092941129e+01
2.660919001246303761e+00	5.547252220830652902e+01
2.667198525130066056e+00	5.532535182359924875e+01
2.673484307038032526e+00	5.519014477716382316e+01
2.679773388053849459e+00	5.497143333547541744e+01
2.686058217632288692e+00	5.485261995823397285e+01
2.692338738200057868e+00	5.477530961761522832e+01
2.698618022887226964e+00	5.460788126626675165e+01
2.704895450708277860e+00	5.444977166987344219e+01
2.711175674923682166e+00	5.434741416236802536e+01
2.717459832966957922e+00	5.413354808531421725e+01
2.723745731959044569e+00	5.403223873459835147e+01
2.730038414850594730e+00	5.380452167738699387e+01
2.736317989800789441e+00	5.372593311974294750e+01
2.742591858549239703e+00	5.363227130305192247e+01
2.748879749010778362e+00	5.343442505291687894e+01
2.755163403825859447e+00	5.345118659205594014e+01
2.761446955625852073e+00	5.329643105363692257e+01
2.767732088935374701e+00	5.305440773581430136e+01
2.774015452421743966e+00	5.302371638945985666e+01
2.780298635700591436e+00	5.289918323617934703e+01
2.786577474762241380e+00	5.276890072887588445e+01
2.792857983210164541e+00	5.259444104520353847e+01
2.799143790920211483e+00	5.256419378955577315e+01
2.805430058399325244e+00	5.240088359710792787e+01
2.811715058209780072e+00	5.233154617458260560e+01
2.817989272498773623e+00	5.218382007367486608e+01
2.824269171595737760e+00	5.208115268620490923e+01
2.830563016441804081e+00	5.188918740641374683e+01
2.836848750951622034e+00	5.183594998390162090e+01
2.843130027866129783e+00	5.177035744495939440e+01
2.849413896912404986e+00	5.166174922260265134e+01
2.855697464522425566e+00	5.159718066804739323e+01
2.861978799810683594e+00	5.148358093407053104e+01
2.868262469415629567e+00	5.142633594291736898e+01
2.874547359206753860e+00	5.132419540708094274e+01
2.880831111471525041e+00	5.113939690857269937e+01
2.887113216972382546e+00	5.110718285779184100e+01
2.893394504725182781e+00	5.105925876635361504e+01
2.899673662137033592e+00	5.100038237023196785e+01
2.905953958587380814e+00	5.088787362722366225e+01
2.912241118105161064e+00	5.075896891080825668e+01
2.918525996366671205e+00	5.066885350960437506e+01
2.924809035425688819e+00	5.061689471054943112e+01
2.931095916293684933e+00	5.060036362073188343e+01
2.937378182606774413e+00	5.043050635344386734e+01
2.943659980254369923e+00	5.031979298832544600e+01
2.949946454403890250e+00	5.036127194088405190e+01
2.956227653702202307e+00	5.028459200765873760e+01
2.962510478867462993e+00	5.027812443420602762e+01
2.968796535179442309e+00	5.019163383923393695e+01
2.975077657376874907e+00	5.011584082824543174e+01
2.981359866759223376e+00	5.005287479639549275e+01
2.987646761575656562e+00	5.003351868707056127e+01
2.993929038370399365e+00	5.001112700954399060e+01
3.000206214840962726e+00	4.989545301267529709e+01
3.006486172402415669e+00	4.987029595413854111e+01
3.012769812211594456e+00	4.979613858365479473e+01
3.019053144326170113e+00	4.979906725624871910e+01
3.025337405144251424e+00	4.966082192183601052e+01
3.031623734799107961e+00	4.976818403797591372e+01
3.037908962055872575e+00	4.967452601282295177e+01
3.044195067146031608e+00	4.963055024929826686e+01
3.050475543482170426e+00	4.964717585677805545e+01
3.056754954538277502e+00	4.952251435882101305e+01
3.063040539557494668e+00	4.962782612839304619e+01
3.069323699454357346e+00	4.959543721665917815e+01
3.075610692642898769e+00	4.955492027750479167e+01
3.081893798009918584e+00	4.959424898522373581e+01
3.088174549548037717e+00	4.946775993205515931e+01
3.094458635632868493e+00	4.946854426371746172e+01
3.100743982931558840e+00	4.948048410202225966e+01
3.107028111748448396e+00	4.951009563811362568e+01
3.113309299655494300e+00	4.957283496746018159e+01
3.119590662867241626e+00	4.953981902342555088e+01
3.125874006820172912e+00	4.960268837031638611e+01
3.132159251154602586e+00	4.950108374402518052e+01
3.138439172765940643e+00	4.951710418304627126e+01
3.144723867719826593e+00	4.956407972176842236e+01
3.151003951258561031e+00	4.958030693410819367e+01
3.157283664131563139e+00	4.958857085707493439e+01
3.163569317183839935e+00	4.961855629611461893e+01
3.169851661717792091e+00	4.973654009652083374e+01
3.176137704316093657e+00	4.964527988493557586e+01
3.182420924828643916e+00	4.968712634490489677e+01
3.188702811875577581e+00	4.976215684642707515e+01
3.194990520008989865e+00	4.978885390719969450e+01
3.201275324656983834e+00	4.977082437503108281e+01
3.207551352179861759e+00	4.990548751082305046e+01
3.213835216737041645e+00	4.991316174217998736e+01
3.220122579819103770e+00	4.992104295891739696e+01
3.226406606618656525e+00	4.993367377533333951e+01
3.232687390085645429e+00	4.970036328217864963e+01
3.238969121280456331e+00	4.962098409706994318e+01
3.245254751548589667e+00	4.945868354163931713e+01
3.251534499036136783e+00	4.933741327866610504e+01
3.257817780791052442e+00	4.916662663100138531e+01
3.264102164154097263e+00	4.911647013109404725e+01
3.270384152138468892e+00	4.895039110869382171e+01
3.276669427476867735e+00	4.880309313087357026e+01
3.282954688864507808e+00	4.873742309770996428e+01
3.289237200334947264e+00	4.858541611910472113e+01
3.295519587088236779e+00	4.847668162853152296e+01
3.301805977329951958e+00	4.836996951577254578e+01
3.308087486222440088e+00	4.817861460838362575e+01
3.314367630234227313e+00	4.817119880433100576e+01
3.320651909732194262e+00	4.802117178795790409e+01
3.326931260376857047e+00	4.786799860437099596e+01
3.333216512447217728e+00	4.783859935384526807e+01
3.339504489419978128e+00	4.773013299111147489e+01
3.345786804809928405e+00	4.761951044358747254e+01
3.352071130016277767e+00	4.754909236887142043e+01
3.358351496304225581e+00	4.741449205660579480e+01
3.364630591073392019e+00	4.727483259211526700e+01
3.370916305215045483e+00	4.722742901145557681e+01
3.377197952029413752e+00	4.712479523842741713e+01
3.383483063818085501e+00	4.705197707963291265e+01
3.389769992424469969e+00	4.694764991106686836e+01
3.396051330885982100e+00	4.693962804482514173e+01
3.402330879139463971e+00	4.675774455429807830e+01
3.408610488352048495e+00	4.662324540155563568e+01
3.414897837696641236e+00	4.654780211551601354e+01
3.421180484052105619e+00	4.648862980048957638e+01
3.427461639653846870e+00	4.636690727364420184e+01
3.433749159643459059e+00	4.631574656167213533e+01
3.440032646656798310e+00	4.620077272976922700e+01
3.446313366033385339e+00	4.609782480871305665e+01
3.452600135384134905e+00	4.602918387718064963e+01
3.458883152815406703e+00	4.593068834278773949e+01
3.465163834403715448e+00	4.597164974654814529e+01
3.471449329786229221e+00	4.581185601277285002e+01
3.477734476754053894e+00	4.569123348220602310e+01
3.484019652467224226e+00	4.562792833025298478e+01
3.490297019369712928e+00	4.556929682057253217e+01
3.496582486484379970e+00	4.552579113498921970e+01
3.502868048046865024e+00	4.536687878990073841e+01
3.509144649545451244e+00	4.536851136477804403e+01
3.515428082003116295e+00	4.529495936515068877e+01
3.521711031624695565e+00	4.516482730035639293e+01
3.527991850954735664e+00	4.513379744690663387e+01
3.534275545726699885e+00	4.500314691657808197e+01
3.540562632020772149e+00	4.504745064196382032e+01
3.546844410757220789e+00	4.494686534745367368e+01
3.553131386753758836e+00	4.485759367727532521e+01
3.559419203211965144e+00	4.469887948260130628e+01
3.565697971577579839e+00	4.469692031257685016e+01
3.571979559134798254e+00	4.466099319963087311e+01
3.578265774595833726e+00	4.457519930857843349e+01
3.584548309769353125e+00	4.451436342120746303e+01
3.590826843920031486e+00	4.446429123477462042e+01
3.597107306745233934e+00	4.442815778397866922e+01
3.603392831792229245e+00	4.433517229521832093e+01
3.609673209822572559e+00	4.429449363149556262e+01
3.615955412133016189e+00	4.421103939821166051e+01
3.622241607772384686e+00	4.419047783868047929e+01
3.628520252736676444e+00	4.408289200415668319e+01
3.634804827569451113e+00	4.412566624133095416e+01
3.641094981788862928e+00	4.401810835584191750e+01
3.647383514928639325e+00	4.404505024638346811e+01
3.653663283927725658e+00	4.389247848783948314e+01
3.659943504072155296e+00	4.384063062803065236e+01
3.666232000281138603e+00	4.375652987626858703e+01
3.672514211678317597e+00	4.377077582783864074e+01
3.678794154686042539e+00	4.374556320940960319e+01
3.685078621861909820e+00	4.365334943244589994e+01
3.691359210097977961e+00	4.364775693978505444e+01
3.697642368173791105e+00	4.360278859434991716e+01
3.703925796735277665e+00	4.352084414466568063e+01
3.710208240364660348e+00	4.356734295955205738e+01
3.716494593122387169e+00	4.349667770210844964e+01
3.722775386659595398e+00	4.345709016954001669e+01
3.729058392883481510e+00	4.335424353644117446e+01
3.735339748210807720e+00	4.335088772149948966e+01
3.741620776392969638e+00	4.327339986395807614e+01
3.747904795418762980e+00	4.341369612960638591e+01
3.754190633281219380e+00	4.323880480709146923e+01
3.760478208018912749e+00	4.324090865080636092e+01
3.766755538573464346e+00	4.316537866192216910e+01
3.773032090135151506e+00	4.314194395114159875e+01
3.779322553012896879e+00	4.314251492976119806e+01
3.785609109731308930e+00	4.314094609512654444e+01
3.791889825936295200e+00	4.311167264165726465e+01
3.798174822702435893e+00	4.309199963399362332e+01
3.804458658753491651e+00	4.303788190497485289e+01
3.810738438095723435e+00	4.297367074623267769e+01
3.817018850285747167e+00	4.297283520759896192e+01
3.823305314209427763e+00	4.289846582296834754e+01
3.829591295197792178e+00	4.299979397153789762e+01
3.835872296070849341e+00	4.296277036263298754e+01
3.842156279590906109e+00	4.293440851240234224e+01
3.848441511099312429e+00	4.299767873591532208e+01
3.854723334376886079e+00	4.285958683318808227e+01
3.861004740704794713e+00	4.282878338230960935e+01
3.867284336650660848e+00	4.286142336502383898e+01
3.873567367678779849e+00	4.288097167519221387e+01
3.879850662830422792e+00	4.283728852823979594e+01
3.886137063198143338e+00	4.280476655694294408e+01
3.892419463049126005e+00	4.285500043886811028e+01
3.898703740328622658e+00	4.288959506762525109e+01
3.904991458788179326e+00	4.279934078122554553e+01
3.911270842222104083e+00	4.271893451104197226e+01
3.917549806479573071e+00	4.282562771950809832e+01
3.923836006203090587e+00	4.274527569306042807e+01
3.930121452497870926e+00	4.280354129989566303e+01
3.936398172858230460e+00	4.279240375875902913e+01
3.942683040425962293e+00	4.288965515601519485e+01
3.948974759704379611e+00	4.282014575531572120e+01
3.955259227995065352e+00	4.281207606568979429e+01
3.961537174921395454e+00	4.283053835483099192e+01
3.967820217617139544e+00	4.288554343256760859e+01
3.974105559832568968e+00	4.281888628325112478e+01
3.980384727931198352e+00	4.286983078867680064e+01
3.986664590839849698e+00	4.287419791465990926e+01
3.992949619150675034e+00	4.290717729256642343e+01
3.999235075769965952e+00	4.288611685448552890e+01
4.005515715515433506e+00	4.302019407859260980e+01
4.011798434346478537e+00	4.296184331814029633e+01
4.018083716245132386e+00	4.303620932150175094e+01
4.024365700052603856e+00	4.304420534202544957e+01
4.030643960839860540e+00	4.307504668169754325e+01
4.036928708926215137e+00	4.306231382259608864e+01
4.043218157412017177e+00	4.311659564011579704e+01
4.049503019487663558e+00	4.329169595341963372e+01
4.055781898960511000e+00	4.309483592099914517e+01
4.062060795621602161e+00	4.323590816532015424e+01
4.068347865354716042e+00	4.334520974188863818e+01
4.074631027173265529e+00	4.334454932258427817e+01
4.080910837526078971e+00	4.346615609665810354e+01
4.087201203341442657e+00	4.344705911946566346e+01
4.093486818591942189e+00	4.349343124801795568e+01
4.099764387336505500e+00	4.353427157300794903e+01
4.106049166937662420e+00	4.348080164246132995e+01
4.112334559041358695e+00	4.367936709823037944e+01
4.118618926059533614e+00	4.363893257420551208e+01
4.124898942031112625e+00	4.366705153896892710e+01
4.131175432561665417e+00	4.366017409345790412e+01
4.137461563786142271e+00	4.369696129018806374e+01
4.143746006210170307e+00	4.386210716564808365e+01
4.150029800482964326e+00	4.388221561919720415e+01
4.156313390684649001e+00	4.398447548931806494e+01
4.162596105843763716e+00	4.400645764434229790e+01
4.168881843141768684e+00	4.407549684775435139e+01
4.175162111073220217e+00	4.406864693383403875e+01
4.181448573417560155e+00	4.415981034568822139e+01
4.187738782464171194e+00	4.420424924841910297e+01
4.194017437180169061e+00	4.442507234948008943e+01
4.200293572701767175e+00	4.445845719085460956e+01
4.206580195481546269e+00	4.440552371082468142e+01
4.212860644652220543e+00	4.448354156331569698e+01
4.219138153430114002e+00	4.468544826205429388e+01
4.225426162098283811e+00	4.462886773195629075e+01
4.231713506719782636e+00	4.482368225714209586e+01
4.237990056577191744e+00	4.493176843052309977e+01
4.244267783646744618e+00	4.496565076053452970e+01
4.250560660182562955e+00	4.499428198136113366e+01
4.256847734842668096e+00	4.498084659322770307e+01
4.263127100734456221e+00	4.524313885676205160e+01
4.269406860432507500e+00	4.526243247725086860e+01
4.275691671482192646e+00	4.532357862096736056e+01
4.281972414189518794e+00	4.546686902199123637e+01
4.288253516806755705e+00	4.558483191506977050e+01
4.294540520160492925e+00	4.559610767962523425e+01
4.300825742921731809e+00	4.576840666044044070e+01
4.307109835491901961e+00	4.570888584380509201e+01
4.313390926478413157e+00	4.600048370683263954e+01
4.319667979480563247e+00	4.594334963651682813e+01
4.325952598143786076e+00	4.618765380628089190e+01
4.332241647035422361e+00	4.622443974733793937e+01
4.338524445619096781e+00	4.626849429821058379e+01
4.344809348131129845e+00	4.637200516965836528e+01
4.351090699193166600e+00	4.643956490101000156e+01
4.357369710808320029e+00	4.666311785589027750e+01
4.363659348967174445e+00	4.666112040010754214e+01
4.369947418280990981e+00	4.674965004342525532e+01
4.376226569265827315e+00	4.682270061782867288e+01
4.382499356631129217e+00	4.694512197964537847e+01
4.388784975178015024e+00	4.703577176569249474e+01
4.395068696309480494e+00	4.706886653258754905e+01
4.401347962382031298e+00	4.732475266585191065e+01
4.407628405096517099e+00	4.735933201097408585e+01
4.413915862185140426e+00	4.729362788690333730e+01
4.420203163534264235e+00	4.751981294304646042e+01
4.426480311003382795e+00	4.750301665113769900e+01
4.432765973643649104e+00	4.757234309912584536e+01
4.439053392023870614e+00	4.761441798298147177e+01
4.445336141335588742e+00	4.773266900534819257e+01
4.451617241414883352e+00	4.766132825935891759e+01
4.457901500730311106e+00	4.774936227610196937e+01
4.464189501093017043e+00	4.792911539074783889e+01
4.470470197548729985e+00	4.775368699150759966e+01
4.476748044268524573e+00	4.791202682782111566e+01
4.483035990164653484e+00	4.789079476515190237e+01
4.489323331650528104e+00	4.791346222880211769e+01
4.495599111667934800e+00	4.797363234788667796e+01
4.501870922878794090e+00	4.775456409784541734e+01
4.508155162877705457e+00	4.792059216087901063e+01
4.514446451153479423e+00	4.777951788605765415e+01
4.520723894043856994e+00	4.783608457552040960e+01
4.527003782460155890e+00	4.767017845532818399e+01
4.533293086610313161e+00	4.768661714191616596e+01
4.539578989864040182e+00	4.750275343353462887e+01
4.545857164866476730e+00	4.739452886985338864e+01
4.552138955546025656e+00	4.734084179452724328e+01
4.558432046889146605e+00	4.713392279769686866e+01
4.564713463378488711e+00	4.717018267553133626e+01
4.570987274133244682e+00	4.697699025207140977e+01
4.577274818151045643e+00	4.696141561814491183e+01
4.583563263889338657e+00	4.694502210600830239e+01
4.589844917004465508e+00	4.700618676486890735e+01
4.596126259982004747e+00	4.688323584042237258e+01
4.602409075598298926e+00	4.699988670312551875e+01
4.608696634867644804e+00	4.703823890707185740e+01
4.614977646498861219e+00	4.704731771268036056e+01
4.621258953029527383e+00	4.675884909089347019e+01
4.627547993978874175e+00	4.696434691239159775e+01
4.633830152730579854e+00	4.696797598679410157e+01
4.640104005367354567e+00	4.702830247382309636e+01
4.646382060386754276e+00	4.703999308790520928e+01
4.652674213731970987e+00	4.691926429989884895e+01
4.658958291796220230e+00	4.709020906523646488e+01
4.665233615070169648e+00	4.705897039642240998e+01
4.671520675710307380e+00	4.706332216492996423e+01
4.677814351732177300e+00	4.708490287985964784e+01
4.684093699744638073e+00	4.723311873400311356e+01
4.690368661472568590e+00	4.738874709624204229e+01
4.696663270746453733e+00	4.723504023022407239e+01
4.702945459248681459e+00	4.740507032077645277e+01
4.709209170841929470e+00	4.753844450750158757e+01
4.715491634753063543e+00	4.749638852467906247e+01
4.721784316284933780e+00	4.746991338987027831e+01
4.728063062331094635e+00	4.776350522829287826e+01
4.734337423381671073e+00	4.775653886616029098e+01
4.740627024094544062e+00	4.774239219164178394e+01
4.746914995664547554e+00	4.784289554964678359e+01
4.753194740071086777e+00	4.785737718668639928e+01
4.759478891864783456e+00	4.791388659046518939e+01
4.765762396877359031e+00	4.833082438336637665e+01
4.772049481246195768e+00	4.846573313870625555e+01
4.778335091022592351e+00	4.830064675043680467e+01
4.784610831402393849e+00	4.829427351395688106e+01
4.790907306208476157e+00	4.845233123104487305e+01
4.797204047706418173e+00	4.868835544134478965e+01
4.803470827697504220e+00	4.874563208440913087e+01
4.809748850577324042e+00	4.872977302375151964e+01
4.816045316586602176e+00	4.898882385642628634e+01
4.822329240673497885e+00	4.922206957848534614e+01
4.828596758226470165e+00	4.900881270368405751e+01
4.834890332961369275e+00	4.917902952292445207e+01
4.841191655056394261e+00	4.936996802241193905e+01
4.847460407468000554e+00	4.945669732431063181e+01
4.853732128521334843e+00	4.989159772825116335e+01
4.860029138783373170e+00	4.964374761639830780e+01
4.866314601732018019e+00	5.001651351885022478e+01
4.872587026269203925e+00	5.004368968424684994e+01
4.878874221748241702e+00	5.033956836702613202e+01
4.885171078138658807e+00	5.035997100325701581e+01
4.891450629931857641e+00	5.043173404204649302e+01
4.897716482750221978e+00	5.078890270511182337e+01
4.904002834596266069e+00	5.123131009019311222e+01
4.910295858205786068e+00	5.122916594071477903e+01
4.916575188115905881e+00	5.120144237393976283e+01
4.922847946197084212e+00	5.138712654043952455e+01
4.929131667457151700e+00	5.154821720268768104e+01
4.935434460144239033e+00	5.207954088692336114e+01
4.941718513303545279e+00	5.192917422431246166e+01
4.947978624761803168e+00	5.213411076106451247e+01
4.954274999209829389e+00	5.245142021993358128e+01
4.960571094729937514e+00	5.258835368669614496e+01
4.966823207626954506e+00	5.274854056645154543e+01
4.973097418390337587e+00	5.339892747992759325e+01
4.979415129936382023e+00	5.330801156666332474e+01
4.985702082330368157e+00	5.363949849734675723e+01
4.991949985828016523e+00	5.362198106432149558e+01
4.998241586316924057e+00	5.398646003095176127e+01
5.004556635606089543e+00	5.406087907097035128e+01
5.010828655701208945e+00	5.440317610827685257e+01
5.017077229702536556e+00	5.446285775238044380e+01
5.023374414758113637e+00	5.451659615241568702e+01
5.029688873569548413e+00	5.517162082269815215e+01
5.035958413584124216e+00	5.522778447403034363e+01
5.042232667658486989e+00	5.579421769731904135e+01
5.048528755870775875e+00	5.582616470280778032e+01
5.054821121427484520e+00	5.602883468038736936e+01
5.061069509814582368e+00	5.665969688978829311e+01
5.067347812754101177e+00	5.651530638523486516e+01
5.073675050630431116e+00	5.685320757570149652e+01
5.079945928388977627e+00	5.755394631035662201e+01
5.086192992546071601e+00	5.814039277960620922e+01
5.092484128970163226e+00	5.819546941596984624e+01
5.098802924706086870e+00	5.870000956482545007e+01
5.105078217426394005e+00	5.828145141057628109e+01
5.111325076574067872e+00	5.898501416875491543e+01
5.117628358851224135e+00	5.912766835940658439e+01
5.123935939383525984e+00	5.974042663809493092e+01
5.130199176325612065e+00	6.001052601183001656e+01
5.136469985878846956e+00	6.047179634588523101e+01
5.142797788696348071e+00	6.103435494262271277e+01
5.149090378043822192e+00	6.076770281915015204e+01
5.155289879840074363e+00	6.172471163083506696e+01
5.161564521234301317e+00	6.166598174027864587e+01
5.167916673496016244e+00	6.249851071065156560e+01
5.174205974602950064e+00	6.316928148041301228e+01
5.180434820793812456e+00	6.347706325466364063e+01
5.186729096569634656e+00	6.426253999082506141e+01
5.193058481037780894e+00	6.422321254824242942e+01
5.199319511444338460e+00	6.495844174021638651e+01
5.205574295584361799e+00	6.511677343085362679e+01
5.211894977074066126e+00	6.585326371804018208e+01
5.218201708336958511e+00	6.653535261204608275e+01
5.224411911780083351e+00	6.720681143924919354e+01
5.230677632666463239e+00	6.701914752877139847e+01
5.237056729559757429e+00	6.712587929334017645e+01
5.243336785035660697e+00	6.804834611005340150e+01
5.249493476178225038e+00	6.900165143562091430e+01
5.255787017738318134e+00	6.906169498097956705e+01
5.262205327426889845e+00	6.992359439479882610e+01
5.268477758348532269e+00	7.058794395806046396e+01
5.274632213654732560e+00	7.145618818643509940e+01
5.280950543314659740e+00	7.146190645805616271e+01
5.287327645024750389e+00	7.212780501097408603e+01
5.293582359180156516e+00	7.288118452277815607e+01
5.299789992649893478e+00	7.249151085141924966e+01
5.306111460381987222e+00	7.471861107251213241e+01
5.312452717892129250e+00	7.518738295774677738e+01
5.318650122853046724e+00	7.606167317132829453e+01
5.324923043129819789e+00	7.642747679741044919e+01
5.331330237158205421e+00	7.698620005927281795e+01
5.337586726886338617e+00	7.822889492771116693e+01
5.343685192440848830e+00	7.948700382538039833e+01
5.350070659715249199e+00	7.869060033396765164e+01
5.356556762554878226e+00	8.022435677223597850e+01
5.362691868684501095e+00	8.115923642306573527e+01
5.368769208912516966e+00	8.068773793682841244e+01
5.375270137997677722e+00	8.277774448950556518e+01
5.381769983045385786e+00	8.304312439333311602e+01
5.387701030372958222e+00	8.363555378454856282e+01
5.393786668001271600e+00	8.523775921585469462e+01
5.400446161099396569e+00	8.572198645104928971e+01
5.406957063684501463e+00	8.563751322537967781e+01
5.412655672453426270e+00	8.605839871138314834e+01
5.418821279260546575e+00	8.471412582773071165e+01
5.425690594366304076e+00	9.051369430976029662e+01
5.432217487502165376e+00	8.776761309484717799e+01
5.437649811577258241e+00	9.221414473304405135e+01
5.443914404015878006e+00	9.236127086340606240e+01
5.450953501686320202e+00	9.409777627391451915e+01
5.457483690405861232e+00	9.370037083187354199e+01
5.462715250135157241e+00	9.523980643770737231e+01
5.469033575551323523e+00	9.525659973741223041e+01
5.476177730420278778e+00	9.615772797756602586e+01
5.482708935702562236e+00	9.943951427085148964e+01
5.487722405008360838e+00	1.004077539369364018e+02
5.494194284996126498e+00	1.033232146006773746e+02
5.501391471009256406e+00	9.857763979115749464e+01
5.507128202673079009e+00	1.006740905611925143e+02
5.512278020050448646e+00	1.083800805192721128e+02
5.519395563377015534e+00	1.069507556920852380e+02
5.526598678609708770e+00	1.072958271514080479e+02
5.532162682462509196e+00	1.024467660322363542e+02
5.537397124017139127e+00	1.134040812356936527e+02
5.544582756485218589e+00	1.097849815048394646e+02
5.551739327507637434e+00	1.115667809354618356e+02
5.557493306674907707e+00	9.838210192860569236e+01
5.562281709102816940e+00	1.187226136031794539e+02
5.569272720323164449e+00	2.777021980229400242e+02
